kps_translation: [-0.349648, -0.05046, 1.5964]
kps_rotation: [0.736759, 0.0933031, -0.657521, -0.127069]
