image_width: 640
image_height: 480
camera_name: depth_PS1080_PrimeSense
camera_matrix:
  rows: 3
  cols: 3
  data: [591.0404980862523, 0, 333.5494021499902, 0, 592.6290897776142, 227.510834953816, 0, 0, 1]
distortion_model: plumb_bob
distortion_coefficients:
  rows: 1
  cols: 5
  data: [0.006594273658743596, 0.00754727709360611, -0.008698055050361817, 0.008811234406880308, 0]
rectification_matrix:
  rows: 3
  cols: 3
  data: [1, 0, 0, 0, 1, 0, 0, 0, 1]
projection_matrix:
  rows: 3
  cols: 4
  data: [595.5089721679688, 0, 338.0747198359095, 0, 0, 598.2578125, 223.3346610160079, 0, 0, 0, 1, 0]