image_width: 640
image_height: 480
camera_name: depth_PS1080_PrimeSense
camera_matrix:
  rows: 3
  cols: 3
  data: [576.975967, 0, 316.29332, 0, 578.05708, 223.353287, 0, 0, 1]
distortion_model: plumb_bob
distortion_coefficients:
  rows: 1
  cols: 5
  data: [0.011033, -0.03003, -0.007379999999999999, -0.000401, 0]
rectification_matrix:
  rows: 3
  cols: 3
  data: [1, 0, 0, 0, 1, 0, 0, 0, 1]
projection_matrix:
  rows: 3
  cols: 4
  data: [578.6596070000001, 0, 315.515736, 0, 0, 577.688354, 220.208543, 0, 0, 0, 1, 0]
