image_width: 640
image_height: 480
camera_name: depth_PS1080_PrimeSense
camera_matrix:
  rows: 3
  cols: 3
  data: [589.2658813630268, 0, 372.8499950664233, 0, 583.3381989958242, 253.470488908517, 0, 0, 1]
distortion_model: plumb_bob
distortion_coefficients:
  rows: 1
  cols: 5
  data: [-0.04622282267635492, 0.07244631088296292, 0.01442343589708966, 0.02982149244254903, 0]
rectification_matrix:
  rows: 3
  cols: 3
  data: [1, 0, 0, 0, 1, 0, 0, 0, 1]
projection_matrix:
  rows: 3
  cols: 4
  data: [580.6817016601562, 0, 389.6518223409366, 0, 0, 592.5855102539062, 259.0842365043663, 0, 0, 0, 1, 0]