image_width: 640
image_height: 480
camera_name: rgb_PS1080_PrimeSense
camera_matrix:
  rows: 3
  cols: 3
  data: [542.995913, 0.000000, 310.628647, 0.000000, 542.958861, 242.409932, 0.000000, 0.000000, 1.000000]
distortion_model: plumb_bob
distortion_coefficients:
  rows: 1
  cols: 5
  data: [0.046696, -0.128670, 0.000158, -0.000499, 0.000000]
rectification_matrix:
  rows: 3
  cols: 3
  data: [1.000000, 0.000000, 0.000000, 0.000000, 1.000000, 0.000000, 0.000000, 0.000000, 1.000000]
projection_matrix:
  rows: 3
  cols: 4
  data: [543.296814, 0.000000, 310.053010, 0.000000, 0.000000, 545.266724, 242.468300, 0.000000, 0.000000, 0.000000, 1.000000, 0.000000]