image_width: 640
image_height: 480
camera_name: rgb_PS1080_PrimeSense
camera_matrix:
  rows: 3
  cols: 3
  data: [544.9748090000001, 0, 318.928469, 0, 545.297898, 230.688141, 0, 0, 1]
distortion_model: plumb_bob
distortion_coefficients:
  rows: 1
  cols: 5
  data: [0.074878, -0.134321, -0.003166, -0.001984, 0]
rectification_matrix:
  rows: 3
  cols: 3
  data: [1, 0, 0, 0, 1, 0, 0, 0, 1]
projection_matrix:
  rows: 3
  cols: 4
  data: [549.791931, 0, 317.279964, 0, 0, 550.385925, 229.029228, 0, 0, 0, 1, 0]
