image_width: 640
image_height: 480
camera_name: rgb_PS1080_PrimeSense
camera_matrix:
  rows: 3
  cols: 3
  data: [544.2683346706433, 0, 318.4203366943364, 0, 543.5570152753294, 234.3573276828836, 0, 0, 1]
distortion_model: plumb_bob
distortion_coefficients:
  rows: 1
  cols: 5
  data: [0.04216881596278572, -0.1029578853082457, -0.001409685836217462, -0.0021838342624242, 0]
rectification_matrix:
  rows: 3
  cols: 3
  data: [1, 0, 0, 0, 1, 0, 0, 0, 1]
projection_matrix:
  rows: 3
  cols: 4
  data: [545.48974609375, 0, 317.1251939359354, 0, 0, 546.3009643554688, 233.8402591313115, 0, 0, 0, 1, 0]