image_width: 640
image_height: 480
camera_name: rgb_PS1080_PrimeSense
camera_matrix:
  rows: 3
  cols: 3
  data: [542.2739801123607, 0, 318.3254810984501, 0, 542.5921358096602, 232.8716551009415, 0, 0, 1]
distortion_model: plumb_bob
distortion_coefficients:
  rows: 1
  cols: 5
  data: [0.08385396468496177, -0.1391547403709248, -0.004829126351370961, 0.0006869017273856764, 0]
rectification_matrix:
  rows: 3
  cols: 3
  data: [1, 0, 0, 0, 1, 0, 0, 0, 1]
projection_matrix:
  rows: 3
  cols: 4
  data: [548.8650512695312, 0, 318.2024532195646, 0, 0, 548.462890625, 230.5727986668935, 0, 0, 0, 1, 0]